# Elapsed time   CPU (%)     Real (MB)   Virtual (MB)
       0.000        0.000        9.375       18.391
      10.017       12.200      599.762     4948.559
      20.040       23.200      790.543     5139.148
      30.064       24.700      987.254     5335.941
      40.088       22.700     1183.707     5532.473
      50.112       19.900     1370.879     5719.699
      60.136       19.300     1550.832     5899.645
      70.160       19.800     1735.168     6083.957
      80.184       44.400      478.215     4899.047
      90.207       35.500      478.215     4899.047
     100.231       29.900      478.215     4899.047
     110.256       23.800      478.215     4899.047
     120.280       20.900      478.215     4899.047
     130.304       28.900      478.215     4899.047
     140.328       23.800      478.215     4899.047
     150.352        9.700      478.215     4899.047
     160.376       10.400      478.215     4899.047
     170.400       13.000      478.215     4899.047
     180.424       36.100      478.215     4899.047
     190.448       89.500      770.391     6464.789
     200.471      100.300     1945.242     6464.789
     210.495       62.500     2196.125     6685.027
     220.519       52.600     3252.039    13805.555
     230.540      451.300     2835.566     7785.320
     240.561      513.000     2837.371     7785.320
     250.586      506.400     2837.371     7785.320
     260.611      508.900     2837.371     7785.320
     270.636      512.100     2837.371     7785.320
     280.660      517.900     2837.371     7785.320
     290.682      509.000     2837.371     7785.320
     300.704      534.200     2837.371     7785.320
     310.727      520.400     2837.371     7785.320
     320.749      526.700     2837.371     7785.320
     330.773      511.000     2837.371     7785.320
     340.799      521.800     2837.371     7785.320
     350.820      518.300     2837.371     7785.320
     360.841      522.500     2837.371     7785.320
     370.867      523.300     2837.371     7785.320
     380.890      524.400     2837.371     7785.320
     390.914      527.300     2837.371     7785.320
     400.933      526.200     2837.371     7785.320
     410.950      507.900     2837.371     7785.320
     420.971      508.700     2837.371     7785.320
     430.992      502.500     2837.371     7785.320
     441.016      103.700     4058.566    17864.551
     451.036      525.100     2838.434     8049.574
     461.058      485.700     2838.434     8049.574
     471.076      486.000     2838.434     8049.574
     481.102      489.300     2838.434     8049.574
     491.124      475.800     2838.434     8049.574
     501.154      483.700     2838.434     8049.574
     511.193      481.600     2838.434     8049.574
     521.213      480.700     2838.434     8049.574
     531.237      479.700     2838.434     8049.574
     541.271      479.800     2838.434     8049.574
     551.299      485.700     2838.434     8049.574
     561.332      486.800     2838.434     8049.574
     571.360      486.000     2838.434     8049.574
     581.398      488.900     2838.434     8049.574
     591.420      488.000     2838.434     8049.574
     601.448      487.100     2838.434     8049.574
     611.468      525.300     2838.434     8049.574
     621.487      498.600     2838.434     8049.574
     631.508      502.300     2838.434     8049.574
     641.532      524.400     2838.434     8049.574
     651.552      523.000     2838.434     8049.574
     661.576      228.800     3703.855    14962.973
     671.600      432.400     2838.469     8049.574
     681.618      506.400     2838.469     8049.574
     691.644      504.900     2838.469     8049.574
     701.659      511.800     2838.469     8049.574
     711.683      497.800     2838.469     8049.574
     721.704      490.000     2838.469     8049.574
     731.723      477.400     2838.469     8049.574
     741.747      478.000     2838.469     8049.574
     751.772      474.900     2838.469     8049.574
     761.796      480.400     2838.469     8049.574
     771.819      479.500     2838.469     8049.574
     781.839      480.800     2838.469     8049.574
     791.864      482.500     2838.469     8049.574
     801.887      478.900     2838.469     8049.574
     811.909      475.300     2838.469     8049.574
     821.933      478.800     2838.469     8049.574
     831.957      479.000     2838.469     8049.574
     841.982      477.400     2838.469     8049.574
     852.008      480.500     2838.469     8049.574
     862.026      479.600     2838.469     8049.574
     872.048      505.400     2838.469     8049.574
     882.073      319.500     3408.703    12643.758
     892.096      330.000     2838.477     8049.574
     902.112      495.200     2838.477     8049.574
     912.130      529.100     2838.477     8049.574
     922.154      516.900     2838.477     8049.574
     932.178      516.100     2838.477     8049.574
     942.205      519.000     2838.477     8049.574
     952.230      522.400     2838.477     8049.574
     962.258      513.300     2838.477     8049.574
     972.280      515.700     2838.477     8049.574
     982.304      517.900     2838.477     8049.574
     992.329      511.200     2838.477     8049.574
    1002.354      514.000     2838.477     8049.574
    1012.376      506.000     2838.477     8049.574
    1022.402      515.300     2838.477     8049.574
    1032.423      514.200     2838.477     8049.574
    1042.442      514.500     2838.477     8049.574
    1052.457      510.300     2838.477     8049.574
    1062.479      506.600     2838.477     8049.574
    1072.505      508.200     2838.477     8049.574
    1082.528      506.700     2838.477     8049.574
    1092.555      510.800     2838.477     8049.574
    1102.577      397.500     3143.520    10429.957
    1112.600      257.900     2838.480     8049.574
    1122.618      512.500     2838.480     8049.574
    1132.642      484.200     2838.480     8049.574
    1142.664      478.000     2838.480     8049.574
    1152.687      482.300     2838.480     8049.574
    1162.709      497.000     2838.480     8049.574
    1172.732      494.600     2838.480     8049.574
    1182.751      494.000     2838.480     8049.574
    1192.771      485.400     2838.480     8049.574
    1202.799      477.300     2838.480     8049.574
    1212.820      486.600     2838.480     8049.574
    1222.836      482.200     2838.480     8049.574
    1232.857      503.800     2838.480     8049.574
    1242.881      512.100     2838.480     8049.574
    1252.905      517.700     2838.480     8049.574
    1262.924      519.900     2838.480     8049.574
    1272.948      516.800     2838.480     8049.574
    1282.973      519.600     2838.480     8049.574
    1293.000      522.100     2838.480     8049.574
    1303.023      519.100     2838.480     8049.574
    1313.047      517.700     2838.480     8049.574
    1323.060      454.700     3078.414    10251.246
    1333.084      239.600     2838.488     8049.574
    1343.112      479.100     2838.488     8049.574
    1353.138      483.400     2838.488     8049.574
    1363.157      480.600     2838.488     8049.574
    1373.179      479.100     2838.488     8049.574
    1383.207      480.900     2838.488     8049.574
    1393.232      480.100     2838.488     8049.574
    1403.261      483.000     2838.488     8049.574
    1413.284      480.500     2838.488     8049.574
    1423.300      479.200     2838.488     8049.574
    1433.325      482.000     2838.488     8049.574
    1443.346      481.800     2838.488     8049.574
    1453.370      482.300     2838.488     8049.574
    1463.393      482.700     2838.488     8049.574
    1473.413      482.200     2838.488     8049.574
    1483.436      482.200     2838.488     8049.574
    1493.456      489.100     2838.488     8049.574
    1503.477      505.000     2838.488     8049.574
    1513.496      512.600     2838.488     8049.574
    1523.517      514.600     2838.488     8049.574
    1533.543      513.100     2838.488     8049.574
    1543.562      508.900     2838.488     8049.574
    1553.584      108.900     4057.664    17865.391
    1563.605      547.000     2838.492     8049.574
    1573.630      507.600     2838.492     8049.574
    1583.655      486.700     2838.492     8049.574
    1593.676      484.800     2838.492     8049.574
    1603.688      485.100     2838.492     8049.574
    1613.714      482.900     2838.492     8049.574
    1623.736      479.600     2838.492     8049.574
    1633.756      479.400     2838.492     8049.574
    1643.772      482.100     2838.492     8049.574
    1653.796      482.800     2838.492     8049.574
    1663.814      509.900     2838.492     8049.574
    1673.840      490.400     2838.492     8049.574
    1683.857      481.500     2838.492     8049.574
    1693.881      481.400     2838.492     8049.574
    1703.905      478.100     2838.492     8049.574
    1713.924      479.400     2838.492     8049.574
    1723.940      487.500     2838.492     8049.574
    1733.967      510.200     2838.492     8049.574
    1743.991      485.100     2838.492     8049.574
    1754.016      489.600     2838.492     8049.574
    1764.040      486.700     2838.492     8049.574
    1774.067      280.000     3475.820    12752.516
    1784.088      333.600     2838.508     8049.574
    1794.108      479.200     2838.508     8049.574
    1804.131      479.500     2838.508     8049.574
    1814.154      478.500     2838.508     8049.574
    1824.173      481.100     2838.508     8049.574
    1834.201      487.200     2838.508     8049.574
    1844.223      485.500     2838.508     8049.574
    1854.252      485.300     2838.508     8049.574
    1864.276      476.700     2838.508     8049.574
    1874.298      486.600     2838.508     8049.574
    1884.328      486.500     2838.508     8049.574
    1894.353      532.000     2838.508     8049.574
    1904.380      528.500     2838.508     8049.574
    1914.407      525.500     2838.508     8049.574
    1924.424      520.400     2838.508     8049.574
    1934.440      521.000     2838.508     8049.574
    1944.460      521.900     2838.508     8049.574
    1954.480      521.600     2838.508     8049.574
    1964.497      514.600     2838.508     8049.574
    1974.519      507.700     2838.508     8049.574
    1984.545      510.500     2838.508     8049.574
    1994.571      373.100     3252.738    12442.809
    2004.596      289.400     2838.512     8049.574
    2014.619      515.000     2838.512     8049.574
    2024.642      492.500     2838.512     8049.574
    2034.671      492.900     2838.512     8049.574
    2044.696      485.900     2838.512     8049.574
    2054.724      499.000     2838.512     8049.574
    2064.745      497.900     2838.512     8049.574
    2074.774      488.600     2838.512     8049.574
    2084.804      481.500     2838.512     8049.574
    2094.823      485.100     2838.512     8049.574
    2104.845      487.100     2838.512     8049.574
    2114.872      481.700     2838.512     8049.574
    2124.897      482.000     2838.512     8049.574
    2134.923      483.900     2838.512     8049.574
    2144.949      480.800     2838.512     8049.574
    2154.973      479.900     2838.512     8049.574
    2164.994      481.200     2838.512     8049.574
    2175.019      479.900     2838.512     8049.574
    2185.045      481.600     2838.512     8049.574
    2195.068      484.100     2838.512     8049.574
    2205.088      480.600     2838.512     8049.574
    2215.114      396.400     3118.418    10330.211
    2225.136      245.600     2838.512     8049.574
    2235.152      484.400     2838.512     8049.574
    2245.172      515.000     2838.512     8049.574
    2255.192      517.100     2838.512     8049.574
    2265.212      511.800     2838.512     8049.574
    2275.236      516.200     2838.512     8049.574
    2285.259      513.600     2838.512     8049.574
    2295.283      515.200     2838.512     8049.574
    2305.304      515.800     2838.512     8049.574
    2315.328      508.000     2838.512     8049.574
    2325.344      510.400     2838.512     8049.574
    2335.360      516.800     2838.512     8049.574
    2345.382      510.600     2838.512     8049.574
    2355.408      496.500     2838.512     8049.574
    2365.424      515.100     2838.512     8049.574
    2375.444      512.600     2838.512     8049.574
    2385.468      515.200     2838.512     8049.574
    2395.487      512.500     2838.512     8049.574
    2405.514      512.300     2838.512     8049.574
    2415.538      510.700     2838.512     8049.574
    2425.552      509.900     2838.512     8049.574
    2435.568      508.400     2838.512     8049.574
    2445.588      145.400     4114.395    17923.723
    2455.609      494.900     2838.527     8049.574
    2465.628      485.400     2838.527     8049.574
    2475.646      487.500     2838.527     8049.574
    2485.664      484.400     2838.527     8049.574
    2495.689      481.800     2838.527     8049.574
    2505.712      479.900     2838.527     8049.574
    2515.730      482.300     2838.527     8049.574
    2525.750      482.100     2838.527     8049.574
    2535.768      481.500     2838.527     8049.574
    2545.788      503.200     2838.527     8049.574
    2555.812      513.100     2838.527     8049.574
    2565.830      512.000     2838.527     8049.574
    2575.854      511.700     2838.527     8049.574
    2585.881      509.400     2838.527     8049.574
    2595.908      508.700     2838.527     8049.574
    2605.932      505.900     2838.527     8049.574
    2615.951      505.400     2838.527     8049.574
    2625.975      505.200     2838.527     8049.574
    2636.001      508.000     2838.527     8049.574
    2646.024      507.200     2838.527     8049.574
    2656.051      511.500     2838.527     8049.574
    2666.074      236.900     3686.887    14913.418
    2676.100      401.800     2838.527     8049.574
    2686.123      505.400     2838.527     8049.574
    2696.144      518.100     2838.527     8049.574
    2706.165      507.500     2838.527     8049.574
    2716.190      510.200     2838.527     8049.574
    2726.218      493.600     2838.527     8049.574
    2736.241      502.500     2838.527     8049.574
    2746.264      509.100     2838.527     8049.574
    2756.280      498.200     2838.527     8049.574
    2766.304      501.300     2838.527     8049.574
    2776.325      480.100     2838.527     8049.574
    2786.351      479.800     2838.527     8049.574
    2796.378      480.600     2838.527     8049.574
    2806.405      478.800     2838.527     8049.574
    2816.430      484.300     2838.527     8049.574
    2826.449      496.200     2838.527     8049.574
    2836.469      482.000     2838.527     8049.574
    2846.495      485.700     2838.527     8049.574
    2856.522      485.600     2838.527     8049.574
    2866.549      485.500     2838.527     8049.574
    2876.573      482.400     2838.527     8049.574
    2886.596      410.400     3106.211    10317.844
    2896.620      237.900     2838.527     8049.574
    2906.636      487.800     2838.527     8049.574
    2916.662      493.800     2838.527     8049.574
    2926.687      496.000     2838.527     8049.574
    2936.708      496.100     2838.527     8049.574
    2946.726      496.200     2838.527     8049.574
    2956.754      486.300     2838.527     8049.574
    2966.780      486.500     2838.527     8049.574
    2976.802      473.500     2838.527     8049.574
    2986.829      486.600     2838.527     8049.574
    2996.850      482.100     2838.527     8049.574
    3006.877      486.200     2838.527     8049.574
    3016.902      493.800     2838.527     8049.574
    3026.920      513.700     2838.527     8049.574
    3036.947      519.100     2838.527     8049.574
    3046.971      516.800     2838.527     8049.574
    3056.990      513.400     2838.527     8049.574
    3067.012      503.200     2838.527     8049.574
    3077.032      508.600     2838.527     8049.574
    3087.060      508.900     2838.527     8049.574
    3097.078      510.200     2838.527     8049.574
    3107.105      478.000     2919.016     8183.656
    3117.128      205.200     2838.527     8049.574
    3127.148      513.200     2838.527     8049.574
    3137.173      525.600     2838.527     8049.574
    3147.197      496.800     2838.527     8049.574
    3157.220      483.800     2838.527     8049.574
    3167.239      482.900     2838.527     8049.574
    3177.260      485.300     2838.527     8049.574
    3187.280      488.000     2838.527     8049.574
    3197.300      488.200     2838.527     8049.574
    3207.320      487.900     2838.527     8049.574
    3217.341      483.200     2838.527     8049.574
    3227.364      488.300     2838.527     8049.574
    3237.386      485.400     2838.527     8049.574
    3247.412      484.100     2838.527     8049.574
    3257.432      483.600     2838.527     8049.574
    3267.456      486.800     2838.527     8049.574
    3277.476      487.300     2838.527     8049.574
    3287.492      485.600     2838.527     8049.574
    3297.517      485.900     2838.527     8049.574
    3307.540      485.600     2838.527     8049.574
    3317.560      484.100     2838.527     8049.574
    3327.586      470.900     2854.594     8107.387
    3337.610      174.900     2838.527     8049.574
    3347.635      460.000     2838.527     8049.574
    3357.664      502.300     2838.527     8049.574
    3367.692      510.900     2838.527     8049.574
    3377.712      495.300     2838.527     8049.574
    3387.737      514.300     2838.527     8049.574
    3397.760      519.900     2838.527     8049.574
    3407.780      509.200     2838.527     8049.574
    3417.803      512.200     2838.527     8049.574
    3427.828      481.900     2838.527     8049.574
    3437.854      489.300     2838.527     8049.574
    3447.882      489.600     2838.527     8049.574
    3457.908      466.700     2838.527     8049.574
    3467.936      486.800     2838.527     8049.574
    3477.955      486.900     2838.527     8049.574
    3487.980      486.100     2838.527     8049.574
    3498.000      485.800     2838.527     8049.574
    3508.024      486.600     2838.527     8049.574
    3518.048      481.100     2838.527     8049.574
    3528.075      474.500     2838.527     8049.574
    3538.094      484.000     2838.527     8049.574
    3548.114      484.200     2838.527     8049.574
    3558.139      132.300     3986.973    17237.004
    3568.164      499.300     2838.527     8049.574
    3578.186      481.700     2838.527     8049.574
    3588.208      504.600     2838.527     8049.574
    3598.227      505.100     2838.527     8049.574
    3608.254      506.600     2838.527     8049.574
    3618.276      511.000     2838.527     8049.574
    3628.298      513.100     2838.527     8049.574
    3638.319      515.500     2838.527     8049.574
    3648.344      511.700     2838.527     8049.574
    3658.369      517.700     2838.527     8049.574
    3668.392      523.600     2838.527     8049.574
    3678.411      518.200     2838.527     8049.574
    3688.429      513.500     2838.527     8049.574
    3698.448      515.700     2838.527     8049.574
    3708.468      497.000     2838.527     8049.574
    3718.495      480.700     2838.527     8049.574
    3728.516      478.700     2838.527     8049.574
    3738.526      478.800     2838.527     8049.574
    3748.544      478.700     2838.527     8049.574
    3758.564      474.000     2838.527     8049.574
    3768.584      477.100     2838.527     8049.574
    3778.603      347.700     3353.062    12487.840
    3788.628      326.500     2838.531     8049.574
    3798.652      520.800     2838.531     8049.574
    3808.676      527.600     2838.531     8049.574
    3818.703      518.600     2838.531     8049.574
    3828.723      502.500     2838.531     8049.574
    3838.744      522.100     2838.531     8049.574
    3848.764      504.400     2838.531     8049.574
    3858.783      512.300     2838.531     8049.574
    3868.804      506.200     2838.531     8049.574
    3878.824      511.400     2838.531     8049.574
    3888.840      511.400     2838.531     8049.574
    3898.859      482.200     2838.531     8049.574
    3908.882      475.900     2838.531     8049.574
    3918.903      478.200     2838.531     8049.574
    3928.922      483.100     2838.531     8049.574
    3938.944      489.500     2838.531     8049.574
    3948.968      482.800     2838.531     8049.574
    3958.995      482.500     2838.531     8049.574
    3969.019      483.800     2838.531     8049.574
    3979.045      483.700     2838.531     8049.574
    3989.063      495.300     2838.531     8049.574
    3999.091      413.300     3108.508    10320.051
    4009.116      233.000     2838.531     8049.574
    4019.141      486.400     2838.531     8049.574
    4029.163      492.400     2838.531     8049.574
    4039.180      492.500     2838.531     8049.574
    4049.200      496.400     2838.531     8049.574
    4059.220      514.600     2838.531     8049.574
    4069.247      520.400     2838.531     8049.574
    4079.268      522.200     2838.531     8049.574
    4089.288      509.200     2838.531     8049.574
    4099.310      520.400     2838.531     8049.574
    4109.336      505.300     2838.531     8049.574
    4119.360      515.200     2838.531     8049.574
    4129.379      515.800     2838.531     8049.574
    4139.396      516.700     2838.531     8049.574
    4149.419      511.400     2838.531     8049.574
    4159.442      514.500     2838.531     8049.574
    4169.463      517.000     2838.531     8049.574
    4179.488      512.400     2838.531     8049.574
    4189.508      498.500     2838.531     8049.574
    4199.529      533.000     2838.531     8049.574
    4209.550      536.600     2838.531     8049.574
    4219.576      444.300     3083.191    10256.340
    4229.602      224.600     2838.531     8049.574
    4239.620      515.500     2838.531     8049.574
    4249.643      501.500     2838.531     8049.574
    4259.664      509.300     2838.531     8049.574
    4269.680      512.100     2838.531     8049.574
    4279.704      504.900     2838.531     8049.574
    4289.723      511.700     2838.531     8049.574
    4299.742      510.500     2838.531     8049.574
    4309.768      512.600     2838.531     8049.574
    4319.791      507.200     2838.531     8049.574
    4329.808      512.200     2838.531     8049.574
    4339.830      517.700     2838.531     8049.574
    4349.854      518.000     2849.496     8061.574
    4359.884      515.200     2849.496     8061.574
    4369.907      509.000     2849.496     8061.574
    4379.933      505.600     2849.496     8061.574
    4389.954      510.200     2849.496     8061.574
    4399.981      477.500     2849.496     8061.574
    4410.004      487.300     2849.496     8061.574
    4420.029      475.800     2849.496     8061.574
    4430.056      483.300     2849.496     8061.574
    4440.077      489.500     2849.496     8061.574
    4450.098      168.600     3974.707    17219.773
    4460.120      479.400     2850.531     8061.574
    4470.136      491.100     2850.531     8061.574
    4480.156      491.500     2850.531     8061.574
    4490.183      492.000     2850.531     8061.574
    4500.201      502.000     2850.531     8061.574
    4510.220      524.600     2850.531     8061.574
    4520.240      523.700     2850.531     8061.574
    4530.249      514.600     2850.531     8061.574
    4540.272      512.500     2850.531     8061.574
    4550.288      511.400     2850.531     8061.574
    4560.306      503.800     2850.531     8061.574
    4570.331      509.200     2850.531     8061.574
    4580.357      517.700     2850.531     8061.574
    4590.382      521.400     2850.531     8061.574
    4600.400      510.200     2850.531     8061.574
    4610.428      484.900     2850.531     8061.574
    4620.456      476.800     2850.531     8061.574
    4630.484      484.400     2850.531     8061.574
    4640.504      477.600     2850.531     8061.574
    4650.532      485.400     2850.531     8061.574
    4660.562      482.400     2850.531     8061.574
    4670.582      262.800     3584.891    14780.395
    4680.608      399.100     2850.527     8061.574
    4690.630      508.800     2850.527     8061.574
    4700.652      500.800     2850.527     8061.574
    4710.678      480.700     2850.527     8061.574
    4720.703      478.100     2850.527     8061.574
    4730.728      477.200     2850.527     8061.574
    4740.748      481.600     2850.527     8061.574
    4750.769      480.100     2850.527     8061.574
    4760.788      504.600     2850.527     8061.574
    4770.812      506.100     2850.527     8061.574
    4780.832      509.800     2850.527     8061.574
    4790.851      508.600     2850.527     8061.574
    4800.872      518.900     2850.527     8061.574
    4810.890      517.400     2850.527     8061.574
    4820.916      511.800     2850.527     8061.574
    4830.944      509.100     2850.527     8061.574
    4840.968      511.400     2850.527     8061.574
    4850.993      509.200     2850.527     8061.574
    4861.012      516.800     2850.527     8061.574
    4871.032      519.400     2850.527     8061.574
    4881.056      518.600     2850.527     8061.574
    4891.077      436.300     3112.098    10323.453
    4901.100      228.700     2850.531     8061.574
    4911.120      474.100     2850.531     8061.574
    4921.144      480.800     2850.531     8061.574
    4931.169      478.100     2850.531     8061.574
    4941.192      476.600     2850.531     8061.574
    4951.215      476.400     2850.531     8061.574
    4961.243      511.300     2850.531     8061.574
    4971.267      513.300     2850.531     8061.574
    4981.284      512.800     2850.531     8061.574
    4991.300      511.200     2850.531     8061.574
    5001.322      506.000     2850.531     8061.574
    5011.340      498.000     2850.531     8061.574
    5021.364      521.500     2850.531     8061.574
    5031.383      514.800     2850.531     8061.574
    5041.408      520.600     2850.531     8061.574
    5051.426      503.000     2850.531     8061.574
    5061.450      514.600     2850.531     8061.574
    5071.476      512.400     2850.531     8061.574
    5081.500      510.800     2850.531     8061.574
    5091.523      514.500     2850.531     8061.574
    5101.544      506.500     2850.531     8061.574
    5111.560      514.200     2850.531     8061.574
    5121.580      188.200     3805.301    15096.609
    5131.600      467.400     2850.531     8061.574
    5141.624      503.200     2850.531     8061.574
    5151.649      503.000     2850.531     8061.574
    5161.675      479.300     2850.531     8061.574
    5171.696      479.400     2850.531     8061.574
    5181.724      479.000     2850.531     8061.574
    5191.748      499.400     2850.531     8061.574
    5201.773      512.200     2850.531     8061.574
    5211.792      519.900     2850.531     8061.574
    5221.813      513.500     2850.531     8061.574
    5231.839      512.800     2850.531     8061.574
    5241.865      511.600     2850.531     8061.574
    5251.883      486.900     2850.531     8061.574
    5261.901      485.000     2850.531     8061.574
    5271.928      480.400     2850.531     8061.574
    5281.946      481.400     2850.531     8061.574
    5291.973      494.400     2850.531     8061.574
    5301.997      487.600     2850.531     8061.574
    5312.023      484.200     2850.531     8061.574
    5322.048      477.900     2850.531     8061.574
    5332.073      485.300     2850.531     8061.574
    5342.101      269.500     3559.926    12840.785
    5352.125      353.700     2850.531     8061.574
    5362.145      513.200     2850.531     8061.574
    5372.167      511.400     2850.531     8061.574
    5382.193      508.000     2850.531     8061.574
    5392.218      504.500     2850.531     8061.574
    5402.235      512.800     2850.531     8061.574
    5412.260      528.400     2850.531     8061.574
    5422.286      527.900     2850.531     8061.574
    5432.312      525.900     2850.531     8061.574
    5442.331      507.900     2850.531     8061.574
    5452.356      512.100     2850.531     8061.574
    5462.381      509.600     2850.531     8061.574
    5472.407      515.300     2850.531     8061.574
    5482.433      516.400     2850.531     8061.574
    5492.455      515.200     2850.531     8061.574
    5502.480      512.000     2850.531     8061.574
    5512.500      497.900     2850.531     8061.574
    5522.524      486.700     2850.531     8061.574
    5532.548      485.600     2850.531     8061.574
    5542.568      479.400     2850.531     8061.574
    5552.584      478.700     2850.531     8061.574
    5562.605      406.800     3102.016    10280.293
    5572.628      235.700     2850.531     8061.574
    5582.650      505.400     2850.531     8061.574
    5592.675      512.600     2850.531     8061.574
    5602.697      513.300     2850.531     8061.574
    5612.719      512.900     2850.531     8061.574
    5622.740      499.500     2850.531     8061.574
    5632.763      509.600     2850.531     8061.574
    5642.791      506.200     2850.531     8061.574
    5652.819      507.800     2850.531     8061.574
    5662.842      511.300     2850.531     8061.574
    5672.865      512.300     2850.531     8061.574
    5682.888      507.700     2850.531     8061.574
    5692.912      507.800     2850.531     8061.574
    5702.932      511.900     2850.531     8061.574
    5712.948      511.300     2850.531     8061.574
    5722.968      513.300     2850.531     8061.574
    5732.988      513.200     2850.531     8061.574
    5743.008      512.600     2850.531     8061.574
    5753.024      515.600     2850.531     8061.574
    5763.047      514.400     2850.531     8061.574
    5773.073      512.100     2850.531     8061.574
    5783.093      518.500     2850.531     8061.574
    5793.119      166.800     3962.914    17144.480
    5803.145      488.400     2850.531     8061.574
    5813.168      509.700     2850.531     8061.574
    5823.187      509.300     2850.531     8061.574
    5833.212      510.300     2850.531     8061.574
    5843.238      505.700     2850.531     8061.574
    5853.260      499.600     2850.531     8061.574
    5863.282      492.200     2850.531     8061.574
    5873.304      512.000     2850.531     8061.574
    5883.330      508.900     2850.531     8061.574
    5893.355      509.200     2850.531     8061.574
    5903.373      503.800     2850.531     8061.574
    5913.388      519.100     2850.531     8061.574
    5923.409      519.900     2850.531     8061.574
    5933.436      519.400     2850.531     8061.574
    5943.465      522.000     2850.531     8061.574
    5953.491      525.000     2850.531     8061.574
    5963.513      517.200     2850.531     8061.574
    5973.539      519.600     2850.531     8061.574
    5983.555      521.000     2850.531     8061.574
    5993.582      525.000     2850.531     8061.574
    6003.610      525.900     2850.531     8061.574
    6013.635      263.200     3595.465    14787.254
    6023.660      398.100     2850.531     8061.574
    6033.688      517.600     2850.531     8061.574
    6043.715      510.100     2850.531     8061.574
    6053.732      503.800     2850.531     8061.574
    6063.752      506.800     2850.531     8061.574
    6073.781      499.000     2850.531     8061.574
    6083.806      506.900     2850.531     8061.574
    6093.832      511.500     2850.531     8061.574
    6103.856      512.600     2850.531     8061.574
    6113.876      511.800     2850.531     8061.574
    6123.895      511.300     2850.531     8061.574
    6133.920      512.300     2850.531     8061.574
    6143.945      512.500     2850.531     8061.574
    6153.967      512.700     2850.531     8061.574
    6163.990      497.500     2850.531     8061.574
    6174.009      484.800     2850.531     8061.574
    6184.032      503.000     2850.531     8061.574
    6194.051      513.100     2850.531     8061.574
    6204.072      512.400     2850.531     8061.574
    6214.100      515.100     2850.531     8061.574
    6224.119      513.300     2850.531     8061.574
    6234.145      499.800     2890.570     8119.387
    6244.168      180.200     4362.480    18163.355
    6254.190      464.700     2850.531     8061.574
    6264.221      484.800     2850.531     8061.574
    6274.247      478.700     2850.531     8061.574
    6284.268      482.200     2850.531     8061.574
    6294.288      482.800     2850.531     8061.574
    6304.317      493.300     2850.531     8061.574
    6314.345      490.900     2850.531     8061.574
    6324.364      482.500     2850.531     8061.574
    6334.388      494.700     2850.531     8061.574
    6344.413      484.900     2850.531     8061.574
    6354.441      488.500     2850.531     8061.574
    6364.470      486.400     2850.531     8061.574
    6374.489      486.400     2850.531     8061.574
    6384.511      497.400     2850.531     8061.574
    6394.537      500.700     2850.531     8061.574
    6404.560      512.500     2850.531     8061.574
    6414.580      500.600     2850.531     8061.574
    6424.609      486.600     2850.531     8061.574
    6434.628      485.700     2850.531     8061.574
    6444.652      483.100     2850.531     8061.574
    6454.673      516.200     2850.531     8061.574
    6464.701      137.200     4017.121    17300.383
    6474.726      509.700     2850.531     8061.574
    6484.750      476.700     2850.531     8061.574
    6494.775      494.400     2850.531     8061.574
    6504.796      512.100     2850.531     8061.574
    6514.821      505.500     2850.531     8061.574
    6524.846      511.500     2850.531     8061.574
    6534.868      518.800     2850.531     8061.574
    6544.894      515.600     2850.531     8061.574
    6554.912      512.300     2850.531     8061.574
    6564.932      511.500     2850.531     8061.574
    6574.952      513.200     2850.531     8061.574
    6584.974      502.900     2850.531     8061.574
    6594.994      493.100     2850.531     8061.574
    6605.024      478.400     2850.531     8061.574
    6615.048      479.900     2850.531     8061.574
    6625.073      481.300     2850.531     8061.574
    6635.102      478.600     2850.531     8061.574
    6645.122      480.400     2850.531     8061.574
    6655.148      479.800     2850.531     8061.574
    6665.174      491.100     2850.531     8061.574
    6675.198      482.900     2850.531     8061.574
    6685.212      354.500     3297.992    12466.238
    6695.236      282.000     2850.531     8061.574
    6705.255      483.400     2850.531     8061.574
    6715.280      481.300     2850.531     8061.574
    6725.296      479.500     2850.531     8061.574
    6735.320      478.900     2850.531     8061.574
    6745.340      480.200     2850.531     8061.574
    6755.362      512.200     2850.531     8061.574
    6765.386      513.800     2850.531     8061.574
    6775.411      515.300     2850.531     8061.574
    6785.439      498.900     2850.531     8061.574
    6795.466      505.500     2850.531     8061.574
    6805.484      504.600     2850.531     8061.574
    6815.509      485.700     2850.531     8061.574
    6825.534      482.200     2850.531     8061.574
    6835.560      483.400     2850.531     8061.574
    6845.589      483.800     2850.531     8061.574
    6855.611      481.000     2850.531     8061.574
    6865.635      481.900     2850.531     8061.574
    6875.661      476.900     2850.531     8061.574
    6885.686      498.900     2850.531     8061.574
    6895.712      510.200     2850.531     8061.574
    6905.731      509.400     2850.531     8061.574
    6915.756      117.600     4058.707    17865.242
    6925.777      543.500     2850.531     8061.574
    6935.801      492.400     2850.531     8061.574
    6945.830      476.200     2850.531     8061.574
    6955.850      482.100     2850.531     8061.574
    6965.878      481.000     2850.531     8061.574
    6975.905      483.400     2850.531     8061.574
    6985.934      480.100     2850.531     8061.574
    6995.960      479.400     2850.531     8061.574
    7005.985      501.900     2850.531     8061.574
    7016.004      523.400     2850.531     8061.574
    7026.032      521.000     2850.531     8061.574
    7036.052      520.300     2850.531     8061.574
    7046.074      521.800     2850.531     8061.574
    7056.100      523.800     2850.531     8061.574
    7066.124      520.900     2850.531     8061.574
    7076.143      521.400     2850.531     8061.574
    7086.168      518.800     2850.531     8061.574
    7096.194      515.200     2850.531     8061.574
    7106.224      510.000     2850.531     8061.574
    7116.249      512.800     2850.531     8061.574
    7126.274      510.100     2850.531     8061.574
    7136.298      274.000     3599.562    14791.004
    7146.321      404.800     2850.535     8061.574
    7156.347      514.800     2850.535     8061.574
    7166.375      476.700     2850.535     8061.574
    7176.402      482.300     2850.535     8061.574
    7186.432      480.200     2850.535     8061.574
    7196.460      468.500     2850.535     8061.574
    7206.483      475.000     2850.535     8061.574
    7216.509      487.200     2850.535     8061.574
    7226.533      481.600     2850.535     8061.574
    7236.559      482.900     2850.535     8061.574
    7246.584      486.600     2850.535     8061.574
    7256.602      484.700     2850.535     8061.574
    7266.629      490.200     2850.535     8061.574
    7276.652      505.800     2850.535     8061.574
    7286.679      517.000     2850.535     8061.574
    7296.710      510.000     2850.535     8061.574
    7306.736      501.600     2850.535     8061.574
    7316.758      503.400     2850.535     8061.574
    7326.784      508.500     2850.535     8061.574
    7336.812      507.500     2850.535     8061.574
    7346.835      505.800     2850.535     8061.574
    7356.862      385.400     3187.574    10441.953
    7366.888      262.600     2850.535     8061.574
    7376.908      516.400     2850.535     8061.574
    7386.927      504.000     2850.535     8061.574
    7396.952      506.600     2850.535     8061.574
    7406.981      512.000     2850.535     8061.574
    7417.000      512.800     2850.535     8061.574
    7427.028      514.700     2850.535     8061.574
    7437.048      514.800     2850.535     8061.574
    7447.072      482.200     2850.535     8061.574
    7457.092      484.200     2850.535     8061.574
    7467.112      487.700     2850.535     8061.574
    7477.133      482.600     2850.535     8061.574
    7487.154      482.700     2850.535     8061.574
    7497.176      511.400     2850.535     8061.574
    7507.196      511.000     2850.535     8061.574
    7517.208      508.000     2850.535     8061.574
    7527.227      501.100     2850.535     8061.574
    7537.247      503.900     2850.535     8061.574
    7547.270      505.400     2850.535     8061.574
    7557.296      492.300     2850.535     8061.574
    7567.321      501.100     2850.535     8061.574
    7577.344      515.700     2850.535     8061.574
    7587.372      117.400     4072.605    17880.664
    7597.397      523.100     2850.539     8061.574
    7607.424      482.000     2850.539     8061.574
    7617.451      479.700     2850.539     8061.574
    7627.476      476.800     2850.539     8061.574
    7637.496      496.000     2850.539     8061.574
    7647.526      514.600     2850.539     8061.574
    7657.556      513.300     2850.539     8061.574
    7667.586      510.700     2850.539     8061.574
    7677.617      519.500     2850.539     8061.574
    7687.644      526.700     2850.539     8061.574
    7697.664      531.100     2850.539     8061.574
    7707.688      510.300     2850.539     8061.574
    7717.708      509.800     2850.539     8061.574
    7727.734      513.600     2850.539     8061.574
    7737.756      511.900     2850.539     8061.574
    7747.783      516.500     2850.539     8061.574
    7757.805      510.100     2850.539     8061.574
    7767.829      517.100     2850.539     8061.574
    7777.850      514.600     2850.539     8061.574
    7787.869      484.200     2850.539     8061.574
    7797.897      483.400     2850.539     8061.574
    7807.923      261.200     3505.750    12774.047
    7817.949      393.300     2850.543     8061.574
    7827.973      507.300     2850.543     8061.574
    7837.996      509.400     2850.543     8061.574
    7848.016      508.700     2850.543     8061.574
    7858.036      501.600     2850.543     8061.574
    7868.067      480.200     2850.543     8061.574
    7878.093      484.300     2850.543     8061.574
    7888.119      481.000     2850.543     8061.574
    7898.144      479.100     2850.543     8061.574
    7908.164      480.500     2850.543     8061.574
    7918.185      478.100     2850.543     8061.574
    7928.206      479.600     2850.543     8061.574
    7938.233      481.600     2850.543     8061.574
    7948.256      478.800     2850.543     8061.574
    7958.278      485.000     2850.543     8061.574
    7968.304      484.700     2850.543     8061.574
    7978.324      506.900     2850.543     8061.574
    7988.345      508.000     2850.543     8061.574
    7998.368      517.100     2850.543     8061.574
    8008.389      518.400     2850.543     8061.574
    8018.417      515.600     2850.543     8061.574
    8028.441      359.300     3372.793    12509.531
    8038.464      304.900     2850.543     8061.574
    8048.482      507.400     2850.543     8061.574
    8058.510      481.000     2850.543     8061.574
    8068.536      489.000     2850.543     8061.574
    8078.567      470.600     2850.543     8061.574
    8088.604      476.800     2850.543     8061.574
    8098.632      483.400     2850.543     8061.574
    8108.658      491.200     2850.543     8061.574
    8118.681      512.100     2850.543     8061.574
    8128.708      511.700     2850.543     8061.574
    8138.731      505.700     2850.543     8061.574
    8148.755      511.800     2850.543     8061.574
    8158.783      511.600     2850.543     8061.574
    8168.805      518.000     2850.543     8061.574
    8178.826      509.000     2850.543     8061.574
    8188.850      512.300     2850.543     8061.574
    8198.872      510.400     2850.543     8061.574
    8208.904      514.200     2850.543     8061.574
    8218.933      512.600     2850.543     8061.574
    8228.952      509.900     2850.543     8061.574
    8238.973      515.900     2850.543     8061.574
    8249.001      462.500     3002.449    10146.648
    8259.020      192.200     2850.543     8061.574
    8269.039      508.900     2850.543     8061.574
    8279.056      484.300     2850.543     8061.574
    8289.079      483.900     2850.543     8061.574
    8299.105      486.900     2850.543     8061.574
    8309.132      480.700     2850.543     8061.574
    8319.152      482.000     2850.543     8061.574
    8329.172      519.800     2850.543     8061.574
    8339.195      522.800     2850.543     8061.574
    8349.215      518.200     2850.543     8061.574
    8359.236      520.900     2850.543     8061.574
    8369.261      524.600     2850.543     8061.574
    8379.283      523.000     2850.543     8061.574
    8389.305      526.900     2850.543     8061.574
    8399.335      514.300     2850.543     8061.574
    8409.354      492.500     2850.543     8061.574
    8419.374      510.000     2850.543     8061.574
    8429.404      513.000     2850.543     8061.574
    8439.428      497.300     2850.543     8061.574
    8449.470      487.400     2850.543     8061.574
    8459.492      512.100     2850.543     8061.574
    8469.512      520.400     2850.543     8061.574
    8479.540      134.200     4090.000    17897.727
    8489.568      517.800     2850.543     8061.574
    8499.592      482.900     2850.543     8061.574
    8509.617      482.900     2850.543     8061.574
    8519.644      484.800     2850.543     8061.574
    8529.667      482.500     2850.543     8061.574
    8539.688      481.100     2850.543     8061.574
    8549.712      475.900     2850.543     8061.574
    8559.737      483.900     2850.543     8061.574
    8569.760      484.700     2850.543     8061.574
    8579.776      482.200     2850.543     8061.574
    8589.792      482.900     2850.543     8061.574
    8599.814      482.400     2850.543     8061.574
    8609.837      482.100     2850.543     8061.574
    8619.852      482.400     2850.543     8061.574
    8629.876      479.700     2850.543     8061.574
    8639.908      480.200     2850.543     8061.574
    8649.928      495.700     2850.543     8061.574
    8659.948      503.400     2850.543     8061.574
    8669.972      509.600     2850.543     8061.574
    8679.996      516.500     2850.543     8061.574
    8690.020      516.600     2850.543     8061.574
    8700.045      330.200     3408.344    12643.098
    8710.070      327.400     2850.543     8061.574
    8720.088      514.000     2850.543     8061.574
    8730.107      522.500     2850.543     8061.574
    8740.133      528.100     2850.543     8061.574
    8750.160      513.800     2850.543     8061.574
    8760.184      513.800     2850.543     8061.574
    8770.208      494.800     2850.543     8061.574
    8780.224      484.900     2850.543     8061.574
    8790.248      506.200     2850.543     8061.574
    8800.272      516.700     2850.543     8061.574
    8810.292      516.500     2850.543     8061.574
    8820.315      518.700     2850.543     8061.574
    8830.336      511.500     2850.543     8061.574
    8840.362      487.000     2850.543     8061.574
    8850.383      488.700     2850.543     8061.574
    8860.407      488.100     2850.543     8061.574
    8870.426      529.500     2850.543     8061.574
    8880.449      529.700     2850.543     8061.574
    8890.473      531.500     2850.543     8061.574
    8900.505      530.700     2850.543     8061.574
    8910.528      522.600     2850.543     8061.574
    8920.555      331.400     3445.355    12764.508
    8930.576      351.400     2850.543     8061.574
    8940.599      506.000     2850.543     8061.574
    8950.620      515.400     2850.543     8061.574
    8960.641      514.200     2850.543     8061.574
    8970.661      512.200     2850.543     8061.574
    8980.680      516.900     2850.543     8061.574
    8990.700      527.400     2850.543     8061.574
    9000.723      511.100     2850.543     8061.574
    9010.752      500.100     2850.543     8061.574
    9020.779      500.200     2850.543     8061.574
    9030.804      493.100     2850.543     8061.574
    9040.825      483.400     2850.543     8061.574
    9050.852      480.800     2850.543     8061.574
    9060.874      482.900     2850.543     8061.574
    9070.897      469.000     2850.543     8061.574
    9080.927      484.900     2850.543     8061.574
    9090.952      480.600     2850.543     8061.574
    9100.980      482.200     2850.543     8061.574
    9111.007      481.000     2850.543     8061.574
    9121.032      479.100     2850.543     8061.574
    9131.060      477.500     2850.543     8061.574
    9141.091      359.600     3207.871    10451.488
